8.147298544645309448e-02
3.471066942438483238e-03
2.966641262173652649e-02
9.172625839710235596e-03
4.864685237407684326e-02
3.481426835060119629e-02
-4.758778959512710571e-03
-1.763687934726476669e-03
2.082006819546222687e-02
2.332839742302894592e-02
-9.988754242658615112e-02
5.252312868833541870e-02
4.701970517635345459e-02
2.259339205920696259e-02
-4.507218301296234131e-02
5.585845559835433960e-02
1.864431239664554596e-02
1.662140013650059700e-03
5.520670488476753235e-02
1.365728378295898438e-01
5.644683912396430969e-02
-1.060887575149536133e-01
1.927229575812816620e-02
1.240580249577760696e-02
-9.376018308103084564e-03
5.050274729728698730e-02
2.670023962855339050e-02
5.365514196455478668e-03
-1.441324874758720398e-02
4.757720977067947388e-02
6.151114031672477722e-02
9.020541608333587646e-02
