-3.749778028577566147e-03
-1.369803678244352341e-02
-1.333514880388975143e-02
3.995170816779136658e-03
4.802674055099487305e-02
-3.805122897028923035e-02
-1.416759658604860306e-02
-6.905649323016405106e-03
-1.353495940566062927e-02
-2.112493291497230530e-02
7.135668396949768066e-02
5.230102688074111938e-03
-5.207705777138471603e-03
-8.084136992692947388e-02
1.068238317966461182e-01
-2.504152944311499596e-03
-1.286121737211942673e-02
7.043304853141307831e-03
-5.368097126483917236e-02
1.207875087857246399e-02
-2.180028706789016724e-03
3.194155171513557434e-03
2.551002055406570435e-02
-3.529082611203193665e-02
3.461546823382377625e-02
2.087202481925487518e-02
-2.816378697752952576e-02
2.612726017832756042e-02
2.002319693565368652e-02
4.304109886288642883e-02
2.740241121500730515e-03
-3.131581097841262817e-02
