5.208760034292936325e-03
1.818329095840454102e-02
2.180016972124576569e-02
8.471361547708511353e-02
6.479258090257644653e-02
3.743729740381240845e-02
3.306183591485023499e-02
-1.802093349397182465e-02
7.009622454643249512e-02
3.341946750879287720e-02
5.980914831161499023e-02
5.582392588257789612e-02
-6.778148561716079712e-02
6.172548606991767883e-02
2.933623269200325012e-02
1.146036945283412933e-02
2.364087849855422974e-02
-1.384143810719251633e-02
-3.519163653254508972e-02
1.296174712479114532e-02
-1.044282317161560059e-01
-1.044741570949554443e-01
3.386498615145683289e-02
8.728559315204620361e-02
-8.485987782478332520e-03
7.777696847915649414e-02
-1.003817468881607056e-01
1.173486560583114624e-02
2.528540417551994324e-02
4.053566977381706238e-02
1.812804676592350006e-02
6.461045145988464355e-02
