-3.282976895570755005e-02
-3.920348361134529114e-02
-4.040105268359184265e-02
-3.054194152355194092e-02
-2.449692785739898682e-02
-3.451844304800033569e-02
-2.534054964780807495e-02
6.413352210074663162e-03
-9.381317533552646637e-03
-2.180057391524314880e-02
-5.661435797810554504e-02
-4.668946936726570129e-02
5.886225774884223938e-02
1.477245800197124481e-02
-3.692988771945238113e-03
-5.325341969728469849e-02
-1.422632136382162571e-03
-4.279598966240882874e-02
5.410885065793991089e-02
-2.699848450720310211e-02
4.095550160855054855e-03
-1.151227205991744995e-02
8.024089783430099487e-02
-2.870367467403411865e-02
-1.160461641848087311e-02
-2.707831934094429016e-02
2.392456121742725372e-02
-8.374801278114318848e-02
-1.628830283880233765e-02
-2.341355010867118835e-02
-4.616970196366310120e-03
-3.260506689548492432e-02
